-161635308
934904739
1514912305
2081822501
883775911
142639943
-809856348
1884298423
1893128435
-1455050669
950468274
1879673322
1912359604
1644959744
-593723080
1994031622
-1182762543
-94726691
-610870344
-1389219169
1419403745
1623857670
681093760
-1813010714
1672782319
-730489194
-1546838260
-27001796
1493882753
1299152985
-534741848
1399507976
110306775
-479777082
-2133771431
-1413554487
258108784
-991598805
1194718461
1467907182
-2036467759
1429499689
-300777295
-1338774043
-839541880
1315766883
-2137464718
1156318193
-1144152977
1467475826
-1915165434
-600983744
-705704915
-1772134373
673950748
1229141436
-451956990
357230788
693525682
141947168
937797826
-1221395678
2045887926
904168143
-966691295
1342294071
-1017462032
95582432
-1229687246
-978248325
-917926882
129982589
49842217
-331028135
-647212448
1712562541
-1623162520
-930802980
507760598
-116982034
1093369784
-1269786454
-448352889
-1743924792
199531478
1586441008
-382016636
-413708386
-368263118
526759454
-1358792884
171471750
1386522610
-1700426474
-552911758
-301704228
-488027588
632631199
107445117
967586131
1836398005
111990879
982491918
-1852970164
1931321412
122702729
137062216
-1652914838
69873434
1395824787
-767364245
-1099859355
-1527596298
1944568620
706679234
1528338463
1608422565
-202143891
-1423348289
718569716
-730526264
-1335644850
-410233757
-1864929707
-135837223
-856187045
-194799901
1606486167
-881353873
782121126
222720904
-859609080
2023944641
523107839
-1593005866
-873557181
-1103816088
-1966393758
1395594992
-142274875
481876840
380802736
675713850
-950971969
-1203689104
156660898
657576512
-1810025427
-241631647
-1205357318
1301646294
1542040103
-1917086708
2135091450
1274559871
-1231658890
676267840
1842171674
904736530
-41021847
821536515
106212084
869834138
2097516777
-470125538
541075587
2014392446
396960459
1628017886
-40911220
-826204959
661931621
259899673
-1710570405
1227594571
2099655779
32238191
-1646940494
-668888184
613278683
-1539922735
-260954114
1622844112
1409679262
321852231
-643041332
-1877614553
-1976935216
1943100653
-819434118
-1321729274
190170810
644148798
1450525233
827510843
2047882206
-142013804
-808507886
-1659113203
1199749195
1790603759
212298927
1670879395
-460863182
-546889996
2037615804
-501376091
1984144826
-546217671
-2084018427
1621483043
-208013040
475256767
527337635
248724406
-393016895
53219263
-1371808662
-2147332636
722733643
-402011223
-1705869403
-116149048
-428646672
1648178793
539733508
1677706738
-223679283
-566327573
-1060046635
1438369163
762824235
-1167206431
-1139458702
282529213
-791164907
-1835911229
-1715335430
1152960593
-1337262806
116077847
-154826941
-858972519
373807540
790129394
2075636495
1585120143
984524024
-1420897858
-2083648131
-961938370
452568015
-1886660548
-1312375103
-1842247072
-760424331
552765644
-1833135593
637672776
2002873248
-41992468
-932194572
-294540030
1291195092
-33378050
-996171394
1460954039
-718338059
706564685
1490165310
1076623702
-1884985827
-369077935
-1465783020
440313201
210698160
1112127026
59881322
1309723492
1810170284
396715402
-574196308
491439292
1140914245
37030767
1344018423
1489399253
-869463888
677196463
-284195312
-1424598844
-1306692545
2109082717
1345596055
1922222711
840349869
-238900340
-1634042501
1280763419
1910825403
-352732838
988823984
861579965
603840507
2044126512
-1686476256
175941427
-1821247254
492606791
-1382819362
1209567292
938124356
-1562272915
-1923386463
1677059302
875129492
-2038500856
-470864785
1596779824
-562194166
1814938971
-130476648
-413868305
-222241136
-2082059001
86938085
-47553291
-304601570
1628715477
-1179571695
-652589969
-2068364723
2008923058
-1790725000
-671155058
834354730
-871996422
-927087602
1042693224
-1944557747
-1417189383
911381138
1889358625
-212441815
-2020931667
1876941314
588381765
228979108
1137777873
684478801
-980993416
-2139027735
-748743146
1896136791
-17565103
280991357
-1673665869
1679941384
584836993
928521616
1747751456
1638953960
-1638886853
61123221
997633053
-1254595138
1187754704
-2139477996
545883385
355906695
423190936
2011758782
785650192
185175469
1267951896
1868263618
-231669100
437055352
-170060191
-1405675426
97722512
-48656444
174140342
1970054072
-1633141206
645855732
-1089873551
565812205
-710462680
-1565714394
-188423898
-1307724438
1992404660
-800023640
73680648
751185787
-1518673565
82376873
-1265748597
-293136095
-927972493
303425843
-262867125
161713959
1680997204
-783963304
1010445099
1115899767
345811049
-263426389
1575917249
2139422121
280925711
1962976498
1414675185
-1295870756
-269575459
125774361
-1622241577
-2062220599
240855085
1970632552
475989226
-654092268
-1816375845
-335587848
-214286755
-1423345179
-1237600692
-1400322973
1750110408
-916954953
1863442098
184288186
-17120761
1266348143
411570061
193920955
1568546402
-160973392
-1174218380
738362947
2142850286
-1703324563
-2035213804
-1437007359
882869810
-884223041
-222835335
-919491476
-857861876
-996674824
-244109428
860908278
-1872614955
252756983
1642721756
866765697
-1288456253
816498365
1561823648
818795538
1786475663
-351788480
1082055164
-519857725
-1496225193
-634448257
-1362706813
1527960318
861596612
-1704133674
-600425987
1305991400
1208838767
2006541202
-570536599
-913191910
1658703744
1595026888
630963013
-1734225770
-1107674472
-905795486
628833036
-714238728
1655065328
1410665338
1705959679
1468438763
1999656642
80668394
657178152
-1906645282
1828205799
483284259
1978858651
852178168
2011593921
-1255733442
385481727
-565337783
-1254268838
997949008
-1176948148
2097380673
2056946893
-228588031
-394144555
-610542491
-241992476
274351199
1152814472
1497619007
-825439742
-374770961
738443381
1417726869
654673731
523277573
196617612
-18886946
261104353
144523093
-1087980886
1378447345
1817364953
1048233161
-1081650730
1367298815
-2114950707
596302996
-1235533881
750066371
828730668
-1061546618
-309334359
1402273271
695309711
-174609758
-336504544
-858537975
2077923430
2107477229
1427812748
-260112114
1730765267
1108260488
1915992462
-487843593
1933451733
-570483968
-257061429
987558401
1177913257
-1350973211
-1105597968
787715698
-1982083220
-1292955495
274999541
-2098961023
1854965253
777897065
-1067219548
1868702613
-1991760063
-1387797023
103964508
-1749132878
361167422
1588876379
1261340434
820754480
-872230899
-1065070375
1363335320
506949805
693078163
-260248812
307930145
-2081834172
-137068113
-1731089452
-370955260
642579198
1669813409
1828655234
1296808640
-1885457016
-1630894679
-1852265477
1270027584
274780710
-459994642
798490790
-2132980385
381342695
1190250401
1190553544
536754349
1646134042
2016703586
-1775396330
1083772787
1138080256
2066970082
-236999285
-159123468
1649952962
-1448302391
-1700750213
-964525579
2142643365
-1309330983
1005103592
1326306944
846222971
1551023442
400045844
420061156
-1499276196
140431512
485154391
1385229823
-1559825770
-1271197165
-163518670
385260222
-1390643231
191343446
-1576835165
-20385052
822665431
-1246025342
1557702330
694200075
-1481806174
168656876
849581164
863979752
1868406006
798888189
-853382490
-1946036013
884603713
-1235820199
95275941
82847621
-1597840095
695032131
-1046810236
343543842
2054802966
755185728
-36125930
-218116486
1822364792
1282449145
-7806475
559084939
1183158187
-703966363
299042267
691128906
1758743952
2026218279
1312962863
-506001758
1604465470
-229799884
-1176450333
-1215018820
-1445038863
-13438024
-1354692228
2014163585
-978052798
354181946
-1712448654
-921600676
-1446642792
-965270531
-2086565703
-1905359292
1862533598
980347049
-1001436769
936973817
-1649313418
-115960533
1155755736
-618829427
222285676
-1527290664
2125051607
-2066497755
-1054861330
-1226191144
-1744264098
-1295914240
-2015291141
829279425
1740565080
592623800
890686555
-1410439294
-1955905306
1028365512
618892494
1454812802
974387127
1047362126
-792042872
1545370888
-1058743908
389382417
-873127205
-1664634403
749679962
-1715509308
-1466935498
1782758703
522264514
706381451
1804214093
-294934345
543572735
-210266689
522224281
506134046
1714802478
1336743150
1249830147
-867684452
1568038963
1508679205
208769755
-192321822
-1395004214
-496785040
-63858674
298245690
-1570696484
992380065
-457550184
293087211
1557550355
-1217625264
-1069707209
-1362884639
-1438179920
-1861178589
-782117023
75613069
-1098278245
498753615
1380096887
1931807754
507233979
1900402270
1558725689
1803282048
-2070334328
1715226930
-1855844228
-877119795
441085405
1940406857
-1441616869
-1481322399
304741650
697462337
-228871894
436220265
203977546
-684210529
769886321
120933423
1731854344
-137227317
1651793176
583860928
-1228050936
148376414
-1960175714
2048473294
-1208641204
1596624544
479237135
-372989992
-1821658508
871943500
2108852086
708878727
-1256070318
1048400021
-181614449
842861659
-1652348739
-783142291
-1168052287
299591302
1962309029
691733764
-853704118
-938865897
-720866456
-1138282866
1220615355
-74353317
-1124043933
974634313
776032423
-1524605313
1725588938
851441598
567617943
759796090
652798396
308817222
-1869705920
53516585
2030029457
1259244239
-819139849
1557179579
993558134
-331745312
1764159076
1788575311
224885308
-793821222
1552951670
1944309722
645033580
-1787229313
-262477418
-631115186
1260700062
901213880
767929374
392073976
505469962
-491516270
2126964236
921860905
-1016981409
1006904201
826348274
-611310056
-458461741
-1471030263
2096381745
1207324934
-192665733
1090183985
2009170278
-1913067101
471416028
-1857417255
606607139
-1350566224
1664556993
-1578205226
1881872609
49452773
1090720590
984785788
-1169557195
1866306068
509632597
-2087060124
-433765566
1678047373
947059431
-743138706
-2046014354
-1030726460
1747873070
1667466761
1766313304
300495665
1416108922
565821105
1942001161
1319912567
-1950272103
1029271225
-236924567
-880960056
-1808930454
820342090
1182895091
-333405306
-1675318604
-1105507414
1872589228
-248763858
-1361468365
690647745
1016919889
-1754482319
-157833740
-333376295
1839162063
1787125155
663299298
-1198524507
1097295607
1753328472
-413589601
-267232636
516507249
-367929012
1144847511
1131904262
568570353
-883682173
-1116359341
673155502
-196356695
161247921
1097327370
-1812600583
-1125627394
-1780537637
-280002435
2123317407
1472060285
-8987587
-2054327036
294757144
-760455664
37444462
-1361429277
267498337
1095303020
2071649730
-376814879
-1560821505
-353973043
95073007
1908784923
-1985208252
699752421
-1865802510
1667182357
997868240
-1008146671
-138639821
2131802897
1305367642
1197341901
1871607271
-2103829340
-1100390480
-530644374
-18159947
-2000823675
1432633340
475525630
406643611
917892519
1385816648
346086299
1112772371
-1247468662
-21652669
458654146
538769521
1225511374
2024445253
1740359961
1919837070
1151053577
1898289808
-1877610660
353822378
-852499239
920305624
933281169
-723287410
527150908
77902596
123152767
218765553
-1949098722
1971565110
1394612832
-1578965732
1230423603
652635912
699811029
1932417744
361007623
931619353
-1482862055
731877223
303869010
