2140284598
2140270979
2135212055
2129515865
2123258045
2123013985
2118955597
2116401800
2114566006
2113980239
2112834931
2110781895
2108897769
2107761670
2106883857
2105313861
2105306224
2103235738
2100383135
2100141156
2099044855
2097725362
2096626734
2094623787
2092918807
2090057246
2085042009
2080537580
2068608148
2063809163
2058927340
2054586841
2049021616
2047475900
2043835832
2035395677
2031140116
2029254905
2026404999
2023081465
2020505113
2009752086
2007051207
2000033263
1998388614
1989450893
1987905577
1987299605
1984738956
1982665174
1981799986
1980346724
1978979089
1976888497
1976869430
1974875531
1971021626
1967989076
1964673450
1962828080
1962734258
1954578612
1947357293
1934573806
1931749879
1922167250
1913022565
1904530381
1904507522
1901416770
1900113166
1892206297
1888672638
1888137276
1883314556
1881663068
1874650495
1869995126
1869969113
1849182547
1840089544
1838391742
1830980662
1828169796
1827591658
1822209120
1821904776
1810709915
1805790940
1796327038
1795407892
1795087173
1776253103
1774789837
1772487100
1763462282
1743613564
1742550517
1738427001
1737298322
1736429261
1736246692
1731959998
1730239282
1726609088
1702926549
1690939154
1687011438
1686078500
1686031569
1685942630
1684170701
1683290210
1681756373
1680028651
1674823347
1670843753
1670766504
1670092029
1664007665
1653920034
1648636629
1642532075
1641226642
1641191424
1634225226
1632519702
1630181334
1629476435
1627755066
1612663344
1611622753
1610452560
1599710242
1599173635
1594047349
1590967616
1590066636
1588171063
1585645954
1574117485
1564067764
1562180976
1546868355
1545995447
1540772692
1534233238
1532390080
1531131817
1518654896
1514163228
1512861354
1507032214
1489258436
1478469558
1465243904
1460014886
1458713460
1455720320
1455055285
1452861695
1446223145
1442777800
1442760913
1436711270
1433330160
1430039947
1426477670
1425431699
1422414899
1420366923
1416895120
1403665794
1402570503
1397916219
1396589657
1392940641
1388427018
1381600322
1380478024
1376793813
1366762273
1366553140
1363993181
1362614074
1361290695
1358426288
1358041494
1356687608
1347441171
1343318109
1334206174
1326445223
1322227989
1321343949
1320524460
1311494499
1308476503
1307044593
1306152003
1305664034
1305572963
1296236269
1294568808
1291240855
1285987664
1283713835
1283121227
1275805863
1261590528
1260112000
1257843361
1248014788
1244458580
1241540546
1232133203
1224380568
1221432631
1220583441
1208453893
1204376207
1188854159
1180602371
1173682057
1168970924
1166222198
1162048732
1159066954
1157241722
1157055201
1148351447
1143480800
1116780229
1116344526
1113851624
1103533559
1095090980
1091258871
1088943597
1088697705
1087247588
1081787776
1070497770
1069982467
1066133538
1065953794
1053316230
1050387593
1048569001
1037568386
1030875143
1028953080
1026234022
1025764737
1024124303
1011670065
1008361601
1007507806
1005106303
1004593838
996949690
995649628
990864909
984281273
981814385
981083561
980828524
980722203
974594789
972452649
972049408
971237287
951931211
940495411
937179694
935807833
930291899
929927065
922632482
915810943
907893894
896379336
892916810
889714731
887895997
882743060
873701425
866335013
865988060
865935427
857706701
856779013
852937628
847681297
844777845
837523365
832386373
818407403
800496729
799213588
788606562
785840823
777906862
775539645
774479535
774070861
768542802
765743331
765366417
763039723
758305709
752452780
747496620
728708543
728437205
726788404
725812617
724361846
724257715
719332425
712432508
706548380
701942375
701062364
694904679
691432449
670401094
667883224
665077141
661458360
658763485
654818572
654459826
644291680
639745038
632680800
632428644
628064962
625450861
620745022
620618591
619993473
614659794
598535112
592791952
587973660
584362036
584013805
575304115
574818399
569637307
565188760
559087694
555908361
551978336
548769902
526890454
526576115
524106889
520817856
517925677
517244246
515605421
507132284
491751602
478025476
474998645
474409856
469067215
468236497
453505451
448757985
439586150
438274328
436826889
432568288
431962990
429741544
429266921
417149163
414662798
413577174
412410559
410335907
408815195
406553898
398262313
394429138
387407498
377883320
372966219
370199669
365598747
362734076
362019403
354771735
350037155
345404625
337679510
334843351
316282993
310868555
310231026
304077277
302156144
294867363
294473328
287797369
284712800
272784649
269814781
266573942
262545093
261406005
257225201
251836466
250546169
246294551
237388047
237063925
232635880
225094720
223389796
214347389
210811373
208929357
202391668
195876490
186303643
186241097
184750634
181271514
176698622
176454154
164530471
160095524
154824873
151083294
147938282
137195538
136507125
135536691
125659226
119808993
112863120
111368345
104836524
104105257
89417541
86238193
82315882
81690477
80284479
75753049
69218514
61233521
60618391
57608358
57507751
57111972
49904018
39741572
38659949
36207116
35747580
29950879
29680364
18394481
3411347
1858831
1577965
-2163078
-2723200
-9784167
-12933727
-13947526
-17348633
-18457125
-19754289
-21638768
-30378214
-31343977
-31873043
-36543820
-43901477
-46770629
-49321051
-49518068
-50656536
-51322724
-51326900
-52388081
-56648330
-59778798
-63045643
-68387069
-71098228
-76885480
-77334730
-78451837
-80969171
-83681036
-84092455
-88925072
-88965730
-99699585
-106076230
-114567994
-125180383
-126991502
-127442324
-137171485
-147668803
-148343140
-161104683
-162545236
-181657497
-183028839
-188013712
-189220627
-197999722
-200551757
-205266201
-212477913
-216839646
-218283253
-218958724
-224954210
-226435440
-227881927
-237671983
-239508143
-251894602
-253306841
-260996019
-261787560
-271475951
-272674443
-274273971
-278689696
-283892099
-285334272
-291595216
-293408587
-294128892
-296685525
-299974225
-301918160
-303313456
-304924997
-305774153
-308249259
-310274546
-312081745
-316690268
-321293163
-321613440
-324087159
-326501173
-331617870
-343546099
-360140634
-363823799
-366494062
-367457545
-368002499
-368758699
-368977597
-373584287
-379713607
-381598919
-382140998
-383024896
-391356583
-396800335
-401423120
-407733924
-409475441
-410801282
-411606490
-412045529
-414679747
-416245980
-422724718
-425377941
-430119010
-432484273
-435919656
-438521597
-438727894
-438783142
-442258183
-444233038
-446507853
-449787976
-455610609
-455813482
-466472635
-472850028
-490446427
-502524580
-507963405
-514034188
-518787769
-520801769
-533346849
-538228367
-538445627
-539318001
-540113398
-540228841
-542189375
-546324880
-547815489
-548875423
-549851129
-552308206
-556587666
-557675138
-562966927
-571456313
-571692973
-571953241
-572352167
-572614493
-580903678
-587392244
-590240544
-593147363
-600622508
-603368089
-604643804
-605728981
-607531343
-608508457
-610139856
-619870299
-632544463
-640234235
-646675896
-648734727
-650793420
-650877451
-655695303
-658021081
-665450245
-673419066
-685353568
-694125818
-696858874
-704579414
-707396240
-707795363
-707912375
-712712793
-715580434
-731012207
-731061436
-740560617
-745256212
-754163045
-755840517
-760905920
-761029877
-761670136
-770279907
-775700079
-777103768
-782733064
-794978015
-810768356
-813137472
-814287385
-815598491
-820863934
-823674307
-828705271
-830839087
-830850178
-843204113
-843437441
-845801431
-846148829
-846264697
-847708456
-852407310
-857721803
-860098672
-861949185
-864495968
-866256752
-869226074
-870462571
-870867765
-876528581
-877520339
-879040456
-883086544
-883966798
-886948277
-888376578
-892061872
-894193438
-901137691
-901619642
-910702941
-912647807
-918846109
-919789368
-923814686
-926700001
-927742910
-935301648
-939768106
-943961477
-950200237
-957799797
-962270504
-963437963
-964633943
-972098784
-979914311
-982007751
-982118143
-984813817
-989169437
-990104602
-995616335
-997249145
-1007161920
-1012354999
-1026779621
-1027140166
-1029262739
-1031647993
-1043222173
-1044498338
-1045572735
-1051202078
-1059674255
-1062270210
-1063911277
-1070098730
-1074729253
-1076202060
-1076660139
-1090084167
-1097093318
-1106966215
-1109039908
-1114192870
-1119930254
-1120822143
-1132866252
-1135170892
-1139321456
-1144671443
-1149132755
-1150013823
-1159894711
-1167358442
-1172103762
-1173958278
-1175373743
-1184368024
-1193418898
-1197231673
-1198682171
-1201948320
-1202919228
-1214103056
-1214263900
-1222460438
-1226383672
-1231676975
-1233576610
-1236870614
-1239321340
-1240192903
-1240625505
-1242517749
-1246966100
-1258390134
-1258489005
-1258542840
-1262431339
-1263366270
-1268480740
-1278520355
-1286942119
-1289471892
-1290813216
-1294566283
-1294706127
-1295700986
-1303927545
-1310105999
-1311777035
-1313449180
-1314130331
-1315575289
-1319995375
-1323465362
-1329838475
-1330371629
-1331989792
-1332469008
-1335288355
-1340332731
-1341992920
-1346090205
-1350943468
-1354012489
-1357107076
-1361464651
-1361470698
-1369645767
-1386276826
-1387313102
-1392832859
-1395613455
-1395885855
-1396313944
-1400546157
-1403899958
-1412509341
-1422785606
-1436092198
-1438506750
-1448142061
-1449523718
-1451789600
-1452919584
-1456448126
-1457279420
-1457424699
-1458066000
-1459809822
-1470924462
-1471701682
-1473968863
-1474701200
-1478584919
-1478625377
-1491276600
-1493381541
-1496125219
-1502253064
-1511840277
-1513506946
-1517299643
-1517988345
-1518050853
-1530787739
-1544191185
-1544538159
-1546387845
-1552286501
-1554872533
-1558483340
-1575732217
-1575894204
-1577975506
-1578805529
-1593620914
-1596096282
-1596291721
-1599128255
-1600108307
-1604036914
-1604440226
-1623992288
-1627452486
-1646436848
-1647751485
-1654560308
-1659979733
-1663280190
-1670197028
-1671397101
-1679358881
-1680522661
-1685846298
-1685922878
-1687596485
-1692165961
-1697695719
-1705355449
-1706865412
-1710843728
-1711830746
-1715379727
-1717587564
-1718036742
-1718229612
-1721362024
-1721673706
-1723023567
-1724529328
-1726939093
-1727335712
-1733727920
-1743462296
-1745328349
-1747439081
-1750565922
-1755671490
-1755890343
-1756111953
-1760087163
-1760713766
-1766083906
-1776272757
-1787314296
-1787544914
-1791996468
-1792802182
-1794839319
-1796482511
-1801973035
-1808331345
-1811644324
-1812477205
-1816137364
-1817392005
-1817583903
-1819549583
-1821457374
-1821846799
-1823583672
-1834376350
-1841505153
-1847105163
-1847444118
-1853770594
-1857498230
-1859026296
-1859367613
-1870334185
-1871120494
-1872042281
-1876714207
-1877439884
-1877862999
-1879595099
-1886629944
-1891188327
-1900101755
-1901295851
-1903204037
-1909121174
-1917419238
-1919432463
-1920315452
-1921953134
-1934568629
-1953063761
-1957094609
-1962169274
-1968010932
-1976874959
-1978456987
-1982858637
-1984433984
-1989125457
-1991222110
-1992325237
-1992802204
-2006724780
-2007973812
-2024939539
-2032370205
-2044217110
-2044436146
-2046578113
-2046581373
-2049366549
-2056371330
-2058425512
-2065348164
-2069136734
-2072783046
-2073666371
-2074908638
-2080001744
-2085059583
-2092121564
-2099271257
-2102111589
-2108473396
-2110000465
-2111370370
-2113396592
-2114145608
-2116135114
-2117164087
-2119627378
-2122921986
-2144836185
-2145588026
