-2146040393
-2137458030
-2137432601
-2132492753
-2117906186
-2113605855
-2109311984
-2104731118
-2103773819
-2103751368
-2096056558
-2091162228
-2082201397
-2081286454
-2077952612
-2077308291
-2076980116
-2072043936
-2071968510
-2071400530
-2070253017
-2069336451
-2063589166
-2052645733
-2052248954
-2048651386
-2039060891
-2037384744
-2037278442
-2037132153
-2031887027
-2024181300
-2023196660
-2022795510
-2020609542
-2009758244
-2009711113
-1989350258
-1982872501
-1982184652
-1980117705
-1978597079
-1969512102
-1968151596
-1967964388
-1965675630
-1964639259
-1961717655
-1960882375
-1959278789
-1954512542
-1950354783
-1950215936
-1943271567
-1941608002
-1940751008
-1938516361
-1930730981
-1930520296
-1924903587
-1907457640
-1904342754
-1902693625
-1901271751
-1900797235
-1893166873
-1890295536
-1885960220
-1883664629
-1876506533
-1869902314
-1867900282
-1858643371
-1856882821
-1856198885
-1855683922
-1854081023
-1853823257
-1845933080
-1840891311
-1832776137
-1830660931
-1830255466
-1827631151
-1822879143
-1815857843
-1815636454
-1815455337
-1811616144
-1808992958
-1807320614
-1806114183
-1804209525
-1804154076
-1800306711
-1796089297
-1790027527
-1789997554
-1787203118
-1783053218
-1779218552
-1777881626
-1772734570
-1770686511
-1769592277
-1766996164
-1759019707
-1745039151
-1744878368
-1744337155
-1744245425
-1738699544
-1736458382
-1731481738
-1731478845
-1731190926
-1729783282
-1718185102
-1717786341
-1711171264
-1709272810
-1708084820
-1692199524
-1685817081
-1680013190
-1668072148
-1664350651
-1664102815
-1661426009
-1660011594
-1655094769
-1646581100
-1645486332
-1638465593
-1632386321
-1630864485
-1625982030
-1625380195
-1625288538
-1623465595
-1621728390
-1613752702
-1610568230
-1607170844
-1606785484
-1594613753
-1590811294
-1582510300
-1579003889
-1576928394
-1574326297
-1572932007
-1567780490
-1563626658
-1558486123
-1558145860
-1556550066
-1549729592
-1548694774
-1546562014
-1541260469
-1541163999
-1540884712
-1540283381
-1538986572
-1538089332
-1535533850
-1532173253
-1531430375
-1529684479
-1527596426
-1527110570
-1527024198
-1526460937
-1518148774
-1510915269
-1510897691
-1498731395
-1498389011
-1496439336
-1493800846
-1492923341
-1489558168
-1489097280
-1484394906
-1478892059
-1478856955
-1478131376
-1474340143
-1473523509
-1464464234
-1457840685
-1455239162
-1453057813
-1450174706
-1447028940
-1446555041
-1438626376
-1432051943
-1428641641
-1426023423
-1417246855
-1406183659
-1402335565
-1400893211
-1397550693
-1389034301
-1380514716
-1378986487
-1377581767
-1373291513
-1370417792
-1366906562
-1359563764
-1352761669
-1351430143
-1350943117
-1329835767
-1327627622
-1324910934
-1312204815
-1308842802
-1307176630
-1307110808
-1306153917
-1295903358
-1293228239
-1285266865
-1284623937
-1283675751
-1275483281
-1274454133
-1273918573
-1258872011
-1255023364
-1253574819
-1249927624
-1249770037
-1242959078
-1241959254
-1239856919
-1229272400
-1226758905
-1224802222
-1217818139
-1215469039
-1214108262
-1213117083
-1210809577
-1209465698
-1207227179
-1204186681
-1203246358
-1198288751
-1197635871
-1190879277
-1190734651
-1187917013
-1181028483
-1174133713
-1169882818
-1166892962
-1166804551
-1160064415
-1158356059
-1156995348
-1153366419
-1152631626
-1151484102
-1149351095
-1149198359
-1143323312
-1133529413
-1128785074
-1118795936
-1106932206
-1106699524
-1106156145
-1104183248
-1101937531
-1100573617
-1089293750
-1083642308
-1082555681
-1067994278
-1066566937
-1060654481
-1055573811
-1053263384
-1029044672
-1025852684
-1023461620
-1022978954
-1016747392
-1013223849
-999252077
-997202186
-990681248
-985562460
-982519706
-982169112
-973259661
-969220086
-964897456
-964200859
-960810681
-957876096
-955023246
-953572009
-951121400
-949867344
-949649107
-949083788
-936133628
-934928454
-919069471
-916994872
-912581525
-911300965
-904175633
-901143388
-900176377
-899932009
-896283873
-884593534
-884324406
-872388282
-871495960
-870732938
-851826756
-843761954
-843007459
-840845477
-829097449
-817131919
-805862126
-801104156
-796349514
-791003140
-786567032
-783889932
-782703123
-775558980
-773658459
-772495138
-762675289
-756877862
-749031060
-745223971
-742611870
-742230297
-741259799
-732154834
-729630067
-726435457
-721326049
-709980064
-699912458
-699487813
-695117065
-691828567
-689000574
-688306883
-687982994
-685026218
-680793620
-675510733
-669471990
-669257262
-664354331
-663201822
-663030670
-660272685
-658200601
-651521644
-647697411
-641958845
-640121803
-637514953
-634767453
-634012565
-630016390
-629475178
-619088417
-618574978
-613611007
-609928828
-609060845
-600348891
-597822954
-595721393
-593335121
-588530742
-588147572
-583273430
-582728618
-580305751
-574799447
-570108277
-564516018
-562955137
-562334270
-559763955
-559307229
-552904090
-546981117
-543353037
-542481838
-541017599
-528098011
-526793324
-521490873
-519382701
-518159029
-516528556
-505237934
-498665972
-496263563
-495526603
-489692666
-489515199
-487067271
-484824640
-483103854
-482158292
-478166469
-474189581
-469458100
-455103824
-452270477
-450536305
-448505253
-444491269
-442364757
-439829754
-435523487
-432697523
-431874926
-430356709
-420376474
-418414288
-418149409
-405881436
-405761262
-405390715
-399067063
-394611814
-386889449
-380322492
-377845655
-377022365
-366768470
-364188489
-362922330
-361074786
-347022960
-343940865
-337862806
-337671319
-337395994
-332634606
-316752229
-313312540
-312664998
-299816152
-298768304
-294920246
-293789135
-283826332
-279083258
-267578765
-262354044
-249630735
-244623561
-244369927
-241964204
-240786289
-239032476
-223285270
-216987368
-200911689
-198344098
-194604222
-190514431
-188756171
-182141940
-181803031
-176760178
-153873669
-152893607
-150307354
-139154703
-123481325
-122481017
-119566774
-116739013
-116031236
-115843672
-111816657
-102525655
-101517901
-101230408
-100869107
-97931410
-96377586
-92961201
-91815653
-87423076
-76900786
-76798996
-75192447
-73172833
-72602217
-71161153
-67937678
-56406674
-53722509
-52631139
-47398838
-43560549
-42863355
-42025241
-38474234
-36783382
-36728196
-32943324
-26866120
-25045101
-22899792
-20311988
-5866720
-1552800
-1224866
4994768
28097446
33747334
36321363
45251054
58749952
62752316
66461246
70807353
80291186
82728012
94769143
96775493
97109514
98035696
100941877
105731256
110821303
115644682
121091060
122469038
124009714
129698925
133056067
143942459
145994829
155230473
155959272
156085898
157479341
158156613
160117320
167888030
171089308
172656909
174918268
175163821
175799021
178446678
184243605
184595247
185728278
188235090
191931758
192289770
194496572
198345214
198458789
208070236
212569961
219142038
221892646
228793761
249746725
252465543
257160255
259447344
260932689
266289017
270722126
276502159
280185894
289064719
290907472
294964093
304971797
307424315
308089618
320338645
320646877
326061774
327680716
331153223
336022626
337839983
345020702
346906195
351435655
356766104
359204367
366083884
367228789
382383612
384047789
385151547
385740990
390321631
391877629
394805358
398243459
398492585
400680361
404615575
407489780
407962064
411945623
414136357
417932554
421700160
422604748
427976688
441340929
448980890
452110886
454049412
466098808
470140536
470738205
471227891
472286088
477197949
479762688
480157335
481142118
483501959
494045835
494533363
496672009
510159737
518194077
519386837
523241123
526027783
539428733
541552767
549073712
550292834
551528303
567422514
567840097
570131441
574374143
577294841
588298732
601789659
604603593
608044745
627221750
627579980
630108093
630716054
640800687
645927454
654864346
658056137
663518672
666087905
671198007
674790212
676469956
679555171
683820328
686541721
687455384
691453758
692575395
704299172
707394708
708397111
715291134
717658283
731827980
733688821
734688552
739354845
739691968
739710081
740879566
761905051
762840889
769206183
776893872
784164307
793334841
796686638
796789457
812654373
813831233
815700355
826562215
829326180
829678827
831498843
833137103
833917336
840840321
845439239
853686379
855942477
857634291
859614452
861379964
861534834
868790823
874009016
876260927
879272073
879330122
881534977
887602252
890237852
897136697
900656349
901508823
911869406
912629156
915885882
921367215
922909604
925276486
942012486
947782242
947818775
951208172
954493184
957128065
957980877
960089319
964806226
976817873
978969402
979703173
983195500
989697656
993975694
1000343081
1001985056
1004434023
1008974607
1022165023
1023296390
1026347431
1026813239
1030039279
1040585604
1044560095
1045667344
1045875250
1046913009
1054955951
1061567768
1069008252
1070787721
1078436936
1084777715
1085857456
1087178551
1090686411
1091490529
1098068113
1098301467
1100288033
1102931216
1104044261
1110931250
1119387161
1130020866
1134596989
1135868019
1142126001
1143685364
1144477620
1150423221
1161996675
1171629537
1185173685
1185865840
1202880531
1213929475
1214500232
1214752841
1217346401
1225037641
1230492820
1235922305
1236961269
1243823135
1249604521
1252047635
1262291313
1267305729
1269057473
1291402900
1295942446
1304716079
1315401390
1320677050
1325787871
1327265421
1328733687
1330645955
1330785995
1332661272
1333520677
1336294192
1336928174
1341346106
1348368691
1349345569
1372884298
1380455651
1384126492
1384834430
1388564014
1390575542
1394281553
1395233821
1396255397
1397708458
1399142828
1408017281
1411709236
1415385498
1419912022
1425424615
1429211717
1433270840
1438952367
1440938866
1447184905
1473156962
1475026009
1475654662
1478256027
1484179813
1488524723
1493300601
1497190514
1504473794
1507098134
1507924424
1510713466
1512763925
1513398835
1516292603
1520737471
1528287837
1529321034
1541139863
1545071144
1547443785
1548460595
1552517938
1553883185
1559254928
1568456023
1569722710
1570695088
1570969032
1576787021
1604287969
1605494703
1607245041
1611923066
1612560568
1619217464
1631683167
1632720801
1633860257
1648755123
1656911396
1658916146
1659430986
1673572928
1675801388
1677337390
1678498872
1688621438
1699572087
1699731310
1700606498
1703336803
1703959221
1704289346
1707308767
1718991568
1724638560
1738939301
1742971464
1746168258
1747969224
1748002019
1750064592
1763432410
1769972947
1777657555
1786722179
1791695156
1792234794
1795148598
1798108561
1798852990
1802175303
1813371991
1817530505
1829436373
1830036297
1833865789
1838993938
1840783923
1840873011
1844838514
1845616852
1845689635
1855698276
1857276393
1859373058
1860738405
1860797138
1866515710
1873028854
1875585480
1882045512
1889743528
1890345948
1891492165
1894970970
1895946886
1898262328
1900224813
1901606008
1901803967
1914454283
1922308374
1925316996
1926523418
1931042339
1931180993
1931821566
1942505568
1946933409
1948797496
1949519023
1963224146
1971459444
1976025779
1976245081
1987235610
1991172799
1992820347
2003328974
2005269046
2014717711
2015384829
2018105632
2027196922
2033237914
2034645724
2040627924
2041629005
2042282202
2043196004
2045826780
2048919023
2056969564
2059112766
2060686317
2067428849
2068111500
2076560604
2090174559
2094575669
2110586344
2114401067
2116391998
2129643683
2143915731
